10, 1583, 4
3, 3070, 2
5, 503, 2
3, 4368, 5
3, 1577, 2
10, 3199, 3
8, 397, 3
10, 352, 6
2, 1294, 1
5, 1577, 7
9, 1157, 1
6, 3509, 6
4, 3594, 1
8, 1302, 4
4, 12, 2
6, 4964, 3
2, 1525, 1
5, 3195, 6
2, 1569, 1
3, 372, 2
10, 2404, 2
10, 3223, 4
7, 967, 3
10, 4678, 1
4, 1200, 2
2, 1874, 3
7, 2194, 1
7, 1825, 2
6, 2074, 1
8, 659, 2
10, 4319, 5
6, 3775, 2
6, 6086, 3
8, 223, 4
6, 3133, 4
3, 3093, 5
6, 400, 2
10, 4936, 1
5, 298, 2
1, 4221, 2
2, 585, 5
10, 4252, 2
9, 729, 3
2, 1717, 1
6, 4261, 2
3, 547, 2
1, 3029, 2
7, 3664, 2
8, 2807, 4
1, 3761, 1
1, 4459, 2
1, 334, 3